                                                            	Refrc:Refrc	AlgoA:Refrc	AlgoB:Refrc	Three:Refrc	Snglt:Refrc	Alli1:Refrc	Unbld:Refrc	
Purity                                                      	1.000000000	0.900000000	0.900000000	0.900000000	1.000000000	0.600000000	0.700000000
InversePurity                                               	1.000000000	0.900000000	0.900000000	0.600000000	0.200000000	1.000000000	0.900000000
NewmanPurity                                                	1.000000000	0.900000000	0.900000000	0.600000000	0.200000000	0.000000000	0.000000000
MeanPurity                                                  	1.000000000	0.900000000	0.900000000	0.720000000	0.333333333	0.750000000	0.787500000
PercentCorrect                                              	1.000000000	0.900000000	0.900000000	0.600000000	0.200000000	0.600000000	0.700000000
RandIndex                                                   	1.000000000	0.800000000	0.800000000	0.666666667	0.533333333	0.466666667	0.533333333
AdjustedRandIndex                                           	1.000000000	0.597014925	0.597014925	0.311926606	0.000000000	0.000000000	0.102564103
NormalizedMutualInformation                                 	1.000000000	0.618977004	0.618977004	0.508626651	0.452354080	0.000000000	0.200680199
------------------------
WeightedPurity:NormalizedDegree                             	1.000000000	0.842105263	0.921052632	0.894736842	1.000000000	0.631578947	0.710526316
WeightedPurity:Embeddedness                                 	1.000000000	0.907407407	0.925925926	0.916666667	1.000000000	0.611111111	0.722222222
WeightedPurity:Product                                      	1.000000000	0.852941176	0.941176471	0.911764706	1.000000000	0.647058824	0.735294118
WeightedInversePurity:NormalizedDegree                      	1.000000000	0.842105263	0.921052632	0.631578947	0.263157895	1.000000000	0.921052632
WeightedInversePurity:Embeddedness                          	1.000000000	0.907407407	0.925925926	0.620370370	0.222222222	1.000000000	0.888888889
WeightedInversePurity:Product                               	1.000000000	0.852941176	0.941176471	0.647058824	0.235294118	1.000000000	0.911764706
WeightedMeanPurity:NormalizedDegree                         	1.000000000	0.842105263	0.921052632	0.740471869	0.416666667	0.774193548	0.802207131
WeightedMeanPurity:Embeddedness                             	1.000000000	0.907407407	0.925925926	0.739959839	0.363636364	0.758620690	0.796934866
WeightedMeanPurity:Product                                  	1.000000000	0.852941176	0.941176471	0.756936737	0.380952381	0.785714286	0.814075630
WeightedRandIndex:NormalizedDegree                          	1.000000000	0.702325581	0.837209302	0.658914729	0.520930233	0.479069767	0.539534884
WeightedRandIndex:Embeddedness                              	1.000000000	0.812869964	0.847240787	0.680542295	0.529310674	0.470689326	0.553179301
WeightedRandIndex:Product                                   	1.000000000	0.718992248	0.875968992	0.668604651	0.511627907	0.488372093	0.563953488
WeightedAdjustedRandIndex:NormalizedDegree                  	1.000000000	0.401739130	0.672954061	0.303961387	0.000000000	0.000000000	0.104355144
WeightedAdjustedRandIndex:Embeddedness                      	1.000000000	0.623264513	0.692543971	0.342682720	0.000000000	0.000000000	0.134765203
WeightedAdjustedRandIndex:Product                           	1.000000000	0.436409654	0.751445087	0.329778507	0.000000000	0.000000000	0.140687450
WeightedNormalizedMutualInformation:NormalizedDegree        	1.000000000	0.498717787	0.668253532	0.501603086	0.449286437	0.000000000	0.181454969
WeightedNormalizedMutualInformation:Embeddedness            	1.000000000	0.635754017	0.684058034	0.531707916	0.451467972	0.000000000	0.228441489
WeightedNormalizedMutualInformation:Product                 	1.000000000	0.516017219	0.724144792	0.519254069	0.445184672	0.000000000	0.210966034
